x f_ref exact2 adapted2 nu12 exact3 adapted3 nu13 exact4 adapted4 nu14
0.000000000000 0.003705723825 0.000000000000 0.000000000000 0.000000000000 0.000000000000 0.000000000000 0.000000000000 0.000000000000 0.000000000000 0.000000000000
0.005000000000 0.008409265919 0.000000000000 0.000000000000 0.000000000000 0.000000000000 0.000000000000 0.000000000000 0.000000000000 0.000000000000 0.000000000000
0.010000000000 0.013112808013 0.000000000000 0.000000000000 0.000000000000 0.000000000000 0.000000000000 0.000000000000 0.000000000000 0.000000000000 0.000000000000
0.015000000000 0.017816350107 0.000000000000 0.000000000000 0.000000000000 0.000000000000 0.000000000000 0.000000000000 0.000000000000 0.000000000000 0.000000000000
0.020000000000 0.022519892201 0.000000000000 0.000000000000 0.000000000000 0.000000000000 0.000000000000 0.000000000000 0.000000000000 0.000000000000 0.000000000000
0.025000000000 0.027223434295 0.000000000000 0.000000000000 0.000000000000 0.000000000000 0.000000000000 0.000000000000 0.000000000000 0.000000000000 0.000000000000
0.030000000000 0.031926976389 0.000000000000 0.000000000000 0.000000000000 0.000000000000 0.000000000000 0.000000000000 0.000000000000 0.000000000000 0.000000000000
0.035000000000 0.036630518483 0.000000000000 0.000000000000 0.000000000000 0.000000000000 0.000000000000 0.000000000000 0.000000000000 0.000000000000 0.000000000000
0.040000000000 0.041334060577 0.000000000000 0.000000000000 0.000000000000 0.000000000000 0.000000000000 0.000000000000 0.000000000000 0.000000000000 0.000000000000
0.045000000000 0.046037602671 0.000000000000 0.000000000000 0.000000000000 0.000000000000 0.000000000000 0.000000000000 0.000000000000 0.000000000000 0.000000000000
0.050000000000 0.050741144765 0.000000000000 0.000000000000 0.000000000000 0.000000000000 0.000000000000 0.000000000000 0.000000000000 0.000000000000 0.000000000000
0.055000000000 0.055444686859 0.000000000000 0.000000000000 0.000000000000 0.000000000000 0.000000000000 0.000000000000 0.000000000000 0.000000000000 0.000000000000
0.060000000000 0.060148228953 0.000000000000 0.000000000000 0.000000000000 0.000000000000 0.000000000000 0.000000000000 0.000000000000 0.000000000000 0.000000000000
0.065000000000 0.064851771047 0.000000000000 0.000000000000 0.000000000000 0.000000000000 0.000000000000 0.000000000000 0.000000000000 0.000000000000 0.000000000000
0.070000000000 0.069555313141 0.000000000000 0.000000000000 0.000000000000 0.000000000000 0.000000000000 0.000000000000 0.000000000000 0.000000000000 0.000000000000
0.075000000000 0.074258855235 0.000000000000 0.000000000000 0.000000000000 0.000000000000 0.000000000000 0.000000000000 0.000000000000 0.000000000000 0.000000000000
0.080000000000 0.078962397329 0.000000000000 0.000000000000 0.000000000000 0.000000000000 0.000000000000 0.000000000000 0.000000000000 0.000000000000 0.000000000000
0.085000000000 0.083665939423 0.000000000000 0.000000000000 0.000000000000 0.000000000000 0.000000000000 0.000000000000 0.000000000000 0.000000000000 0.000000000000
0.090000000000 0.088369481517 0.000000000000 0.000000000000 0.000000000000 0.000000000000 0.000000000000 0.000000000000 0.000000000000 0.000000000000 0.000000000000
0.095000000000 0.093073023611 0.000000000000 0.000000000000 0.000000000000 0.000000000000 0.000000000000 0.000000000000 0.000000000000 0.000000000000 0.000000000000
0.100000000000 0.097776565705 0.000000000000 0.000000000000 0.000000000000 0.000000000000 0.000000000000 0.000000000000 0.000000000000 0.000000000000 0.000000000000
0.105000000000 0.102480107799 0.000000000000 0.000000000000 0.000000000000 0.000000000000 0.000000000000 0.000000000000 0.000000000000 0.000000000000 0.000000000000
0.110000000000 0.107183649893 0.000000000000 0.000000000000 0.000000000000 0.000000000000 0.000000000000 0.000000000000 0.000000000000 0.000000000000 0.000000000000
0.115000000000 0.111887191987 0.000000000000 0.000000000000 0.000000000000 0.000000000000 0.000000000000 0.000000000000 0.000000000000 0.000000000000 0.000000000000
0.120000000000 0.116590734081 0.000000000000 0.000000000000 0.000000000000 0.000000000000 0.000000000000 0.000000000000 0.000000000000 0.000000000000 0.000000000000
0.125000000000 0.121294276175 0.000000000000 0.000000000000 0.000000000000 0.000000000000 0.000000000000 0.000000000000 0.000000000000 0.000000000000 0.000000000000
0.130000000000 0.125997818269 0.000000000000 0.000000000000 0.000000000000 0.000000000000 0.000000000000 0.000000000000 0.000000000000 0.000000000000 0.000000000000
0.135000000000 0.130701360363 0.000000000000 0.000000000000 0.000000000000 0.000000000000 0.000000000000 0.000000000000 0.000000000000 0.000000000000 0.000000000000
0.140000000000 0.135404902457 0.000000000000 0.000000000000 0.000000000000 0.000000000000 0.000000000000 0.000000000000 0.000000000000 0.000000000000 0.000000000000
0.145000000000 0.140108444551 0.000000000000 0.000000000000 0.000000000000 0.000000000000 0.000000000000 0.000000000000 0.000000000000 0.000000000000 0.000000000000
0.150000000000 0.144811986646 0.000000000000 0.000000000000 0.000000000000 0.000000000000 0.000000000000 0.000000000000 0.000000000000 0.000000000000 0.000000000000
0.155000000000 0.149515528740 0.000000000000 0.000000000000 0.000000000000 0.000000000000 0.000000000000 0.000000000000 0.000000000000 0.000000000000 0.000000000000
0.160000000000 0.154219070834 0.000000000000 0.000000000000 0.000000000000 0.000000000000 0.000000000000 0.000000000000 0.000000000000 0.000000000000 0.000000000000
0.165000000000 0.158922612928 0.000000000000 0.000000000000 0.000000000000 0.000000000000 0.000000000000 0.000000000000 0.000000000000 0.000000000000 0.000000000000
0.170000000000 0.163626155022 0.000000000000 0.000000000000 0.000000000000 0.000000000000 0.000000000000 0.000000000000 0.000000000000 0.000000000000 0.000000000000
0.175000000000 0.168329697116 0.000000000000 0.000000000000 0.000000000000 0.000000000000 0.000000000000 0.000000000000 0.000000000000 0.000000000000 0.000000000000
0.180000000000 0.173033239210 0.000000000000 0.000000000000 0.000000000000 0.000000000000 0.000000000000 0.000000000000 0.000000000000 0.000000000000 0.000000000000
0.185000000000 0.177736781304 0.000000000000 0.000000000000 0.000000000000 0.000000000000 0.000000000000 0.000000000000 0.000000000000 0.000000000000 0.000000000000
0.190000000000 0.182440323398 0.000000000000 0.000000000000 0.000000000000 0.000000000000 0.000000000000 0.000000000000 0.000000000000 0.000000000000 0.000000000000
0.195000000000 0.187143865492 0.000000000000 0.000000000000 0.000000000000 0.000000000000 0.000000000000 0.000000000000 0.000000000000 0.000000000000 0.000000000000
0.200000000000 0.191847407586 0.000000000000 0.000000000000 0.000000000000 0.000000000000 0.000000000000 0.000000000000 0.000000000000 0.000000000000 0.000000000000
0.205000000000 0.196550949680 0.000000000000 0.000000000000 0.000000000000 0.000000000000 0.000000000000 0.000000000000 0.000000000000 0.000000000000 0.000000000000
0.210000000000 0.201254491774 0.000000000000 0.000000000000 0.000000000000 0.000000000000 0.000000000000 0.000000000000 0.000000000000 0.000000000000 0.000000000000
0.215000000000 0.205958033868 0.000000000000 0.000000000000 0.000000000000 0.000000000000 0.000000000000 0.000000000000 0.000000000000 0.000000000000 0.000000000000
0.220000000000 0.210661575962 0.000000000000 0.000000000000 0.000000000000 0.000000000000 0.000000000000 0.000000000000 0.000000000000 0.000000000000 0.000000000000
0.225000000000 0.215365118056 0.000000000000 0.000000000000 0.000000000000 0.000000000000 0.000000000000 0.000000000000 0.000000000000 0.000000000000 0.000000000000
0.230000000000 0.220068660150 0.000000000000 0.000000000000 0.000000000000 0.000000000000 0.000000000000 0.000000000000 0.000000000000 0.000000000000 0.000000000000
0.235000000000 0.224772202244 0.000000000000 0.000000000000 0.000000000000 0.000000000000 0.000000000000 0.000000000000 0.000000000000 0.000000000000 0.000000000000
0.240000000000 0.229475744338 0.000000000000 0.000000000000 0.000000000000 0.000000000000 0.000000000000 0.000000000000 0.000000000000 0.000000000000 0.000000000000
0.245000000000 0.234179286432 0.000000000000 0.000000000000 0.000000000000 0.000000000000 0.000000000000 0.000000000000 0.000000000000 0.000000000000 0.000000000000
0.250000000000 0.238882828526 0.000000000000 0.000000000000 0.000000000000 0.000000000000 0.000000000000 0.000000000000 0.000000000000 0.000000000000 0.000000000000
0.255000000000 0.243586370620 0.000033114035 0.000000000000 0.000000000000 0.000000000000 0.000000000000 0.000000000000 0.000000000000 0.000000000000 0.000000000000
0.260000000000 0.248289912714 0.000131601736 0.000000000000 0.000000000000 0.000000000000 0.000000000000 0.000000000000 0.000000000000 0.000000000000 0.000000000000
0.265000000000 0.252993454808 0.000294230813 0.000000000000 0.000000000000 0.000000000000 0.000000000000 0.000000000000 0.000000000000 0.000000000000 0.000000000000
0.270000000000 0.257696996902 0.000519831461 0.000000000000 0.000000000000 0.000000000000 0.000000000000 0.000000000000 0.000000000000 0.000000000000 0.000000000000
0.275000000000 0.262400538996 0.000807292544 0.000000000000 0.000000000000 0.000000000000 0.000000000000 0.000000000000 0.000000000000 0.000000000000 0.000000000000
0.280000000000 0.267104081090 0.001155558096 0.000000000000 0.000000000000 0.000000000000 0.000000000000 0.000000000000 0.000000000000 0.000000000000 0.000000000000
0.285000000000 0.271807623184 0.001563624102 0.000000000000 0.000000000000 0.000000000000 0.000000000000 0.000000000000 0.000000000000 0.000000000000 0.000000000000
0.290000000000 0.276511165278 0.002030535537 0.000000000000 0.000000000000 0.000000000000 0.000000000000 0.000000000000 0.000000000000 0.000000000000 0.000000000000
0.295000000000 0.281214707372 0.002555383630 0.000000000000 0.000000000000 0.000000000000 0.000000000000 0.000000000000 0.000000000000 0.000000000000 0.000000000000
0.300000000000 0.285918249466 0.003137303340 0.000000000000 0.000000000000 0.000000000000 0.000000000000 0.000000000000 0.000000000000 0.000000000000 0.000000000000
0.305000000000 0.290621791560 0.003775471033 0.000000000000 0.000000000000 0.000000000000 0.000000000000 0.000000000000 0.000000000000 0.000000000000 0.000000000000
0.310000000000 0.295325333654 0.004469102315 0.000000000000 0.000000000000 0.000000000000 0.000000000000 0.000000000000 0.000000000000 0.000000000000 0.000000000000
0.315000000000 0.300028875748 0.005217450043 0.000000000000 0.000000000000 0.000000000000 0.000000000000 0.000000000000 0.000000000000 0.000000000000 0.000000000000
0.320000000000 0.304732417842 0.006019802466 0.000000000000 0.000000000000 0.000000000000 0.000000000000 0.000000000000 0.000000000000 0.000000000000 0.000000000000
0.325000000000 0.309435959937 0.006875481510 0.000000000000 0.000000000000 0.000000000000 0.000000000000 0.000000000000 0.000000000000 0.000000000000 0.000000000000
0.330000000000 0.314139502031 0.007783841185 0.000000000000 0.000000000000 0.000000000000 0.000000000000 0.000000000000 0.000000000000 0.000000000000 0.000000000000
0.335000000000 0.318843044125 0.008744266095 0.000000000000 0.000000000000 0.000000000000 0.000000000000 0.000000000000 0.000000000000 0.000000000000 0.000000000000
0.340000000000 0.323546586219 0.009756170065 0.000000000000 0.000000000000 0.000000000000 0.000000000000 0.000000000000 0.000000000000 0.000000000000 0.000000000000
0.345000000000 0.328250128313 0.010818994852 0.000000000000 0.000000000000 0.000000000000 0.000000000000 0.000000000000 0.000000000000 0.000000000000 0.000000000000
0.350000000000 0.332953670407 0.011932208954 0.000000000000 0.000000000000 0.000000000000 0.000000000000 0.000000000000 0.000000000000 0.000000000000 0.000000000000
0.355000000000 0.337657212501 0.013095306494 0.000000000000 0.000000000000 0.000000000000 0.000000000000 0.000000000000 0.000000000000 0.000000000000 0.000000000000
0.360000000000 0.342360754595 0.014307806183 0.000000000000 0.000000000000 0.000000000000 0.000000000000 0.000000000000 0.000000000000 0.000000000000 0.000000000000
0.365000000000 0.347064296689 0.015569250354 0.000000000000 0.000000000000 0.000000000000 0.000000000000 0.000000000000 0.000000000000 0.000000000000 0.000000000000
0.370000000000 0.351767838783 0.016879204057 0.000000000000 0.000000000000 0.000000000000 0.000000000000 0.000000000000 0.000000000000 0.000000000000 0.000000000000
0.375000000000 0.356471380877 0.018237254219 0.000000000000 0.000000000000 0.000000000000 0.000000000000 0.000000000000 0.000000000000 0.000000000000 0.000000000000
0.380000000000 0.361174922971 0.019643008860 0.000000000000 0.000000000000 0.000000000000 0.000000000000 0.000000000000 0.000000000000 0.000000000000 0.000000000000
0.385000000000 0.365878465065 0.021096096364 0.000000000000 0.000000000000 0.000000000000 0.000000000000 0.000000000000 0.000000000000 0.000000000000 0.000000000000
0.390000000000 0.370582007159 0.022596164790 0.000000000000 0.000000000000 0.000000000000 0.000000000000 0.000000000000 0.000000000000 0.000000000000 0.000000000000
0.395000000000 0.375285549253 0.024142881246 0.000000000000 0.000000000000 0.000000000000 0.000000000000 0.000000000000 0.000000000000 0.000000000000 0.000000000000
0.400000000000 0.379989091347 0.025735931288 0.000000000000 0.000000000000 0.000000000000 0.000000000000 0.000000000000 0.000000000000 0.000000000000 0.000000000000
0.405000000000 0.384692633441 0.027375018377 0.000000000000 0.000000000000 0.000000000000 0.000000000000 0.000000000000 0.000000000000 0.000000000000 0.000000000000
0.410000000000 0.389396175535 0.029059863361 0.000000000000 0.000000000000 0.000000000000 0.000000000000 0.000000000000 0.000000000000 0.000000000000 0.000000000000
0.415000000000 0.394099717629 0.030790204003 0.000000000000 0.000000000000 0.000000000000 0.000000000000 0.000000000000 0.000000000000 0.000000000000 0.000000000000
0.420000000000 0.398803259723 0.032565794537 0.000000000000 0.000000000000 0.000000000000 0.000000000000 0.000000000000 0.000000000000 0.000000000000 0.000000000000
0.425000000000 0.403506801817 0.034386405261 0.000012791541 0.000006386422 0.000000000000 0.000000000000 0.000000000000 0.000000000000 0.000000000000 0.000000000000
0.430000000000 0.408210343911 0.036251822161 0.000069984174 0.000034872270 0.000000000000 0.000000000000 0.000000000000 0.000000000000 0.000000000000 0.000000000000
0.435000000000 0.412913886005 0.038161846559 0.000172818349 0.000085943530 0.000000000000 0.000000000000 0.000000000000 0.000000000000 0.000000000000 0.000000000000
0.440000000000 0.417617428099 0.040116294796 0.000321056639 0.000159347452 0.000000000000 0.000000000000 0.000000000000 0.000000000000 0.000000000000 0.000000000000
0.445000000000 0.422320970193 0.042114997938 0.000514475994 0.000254838938 0.000000000000 0.000000000000 0.000000000000 0.000000000000 0.000000000000 0.000000000000
0.450000000000 0.427024512287 0.044157801510 0.000752867421 0.000372180254 0.000000000000 0.000000000000 0.000000000000 0.000000000000 0.000000000000 0.000000000000
0.455000000000 0.431728054381 0.046244565252 0.001036035673 0.000511140765 0.000000000000 0.000000000000 0.000000000000 0.000000000000 0.000000000000 0.000000000000
0.460000000000 0.436431596475 0.048375162902 0.001363798979 0.000671496683 0.000000000000 0.000000000000 0.000000000000 0.000000000000 0.000000000000 0.000000000000
0.465000000000 0.441135138569 0.050549482001 0.001735988778 0.000853030819 0.000000000000 0.000000000000 0.000000000000 0.000000000000 0.000000000000 0.000000000000
0.470000000000 0.445838680663 0.052767423717 0.002152449485 0.001055532358 0.000000000000 0.000000000000 0.000000000000 0.000000000000 0.000000000000 0.000000000000
0.475000000000 0.450542222757 0.055028902700 0.002613038276 0.001278796637 0.000000000000 0.000000000000 0.000000000000 0.000000000000 0.000000000000 0.000000000000
0.480000000000 0.455245764851 0.057333846944 0.003117624886 0.001522624936 0.000000000000 0.000000000000 0.000000000000 0.000000000000 0.000000000000 0.000000000000
0.485000000000 0.459949306945 0.059682197686 0.003666091431 0.001786824280 0.000000000000 0.000000000000 0.000000000000 0.000000000000 0.000000000000 0.000000000000
0.490000000000 0.464652849039 0.062073909310 0.004258332248 0.002071207246 0.000000000000 0.000000000000 0.000000000000 0.000000000000 0.000000000000 0.000000000000
0.495000000000 0.469356391134 0.064508949284 0.004894253750 0.002375591787 0.000000000000 0.000000000000 0.000000000000 0.000000000000 0.000000000000 0.000000000000
0.500000000000 0.474059933228 0.066987298108 0.005573774301 0.002699801053 0.000000000000 0.000000000000 0.000000000000 0.000000000000 0.000000000000 0.000000000000
0.505000000000 0.478763475322 0.069508949284 0.006296824103 0.003043663230 0.000025000625 0.000000000000 0.000000000000 0.000000000000 0.000000000000 0.000000000000
0.510000000000 0.483467017416 0.072073909310 0.007063345105 0.003407011381 0.000100010002 0.000000000000 0.000000000000 0.000000000000 0.000000000000 0.000000000000
0.515000000000 0.488170559510 0.074682197686 0.007873290925 0.003789683292 0.000225050648 0.000000000000 0.000000000000 0.000000000000 0.000000000000 0.000000000000
0.520000000000 0.492874101604 0.077333846944 0.008726626786 0.004191521334 0.000400160128 0.000000000000 0.000000000000 0.000000000000 0.000000000000 0.000000000000
0.525000000000 0.497577643698 0.080028902700 0.009623329473 0.004612372322 0.000625391114 0.000000000000 0.000000000000 0.000000000000 0.000000000000 0.000000000000
0.530000000000 0.502281185792 0.082767423717 0.010563387299 0.005052087380 0.000900811461 0.000000000000 0.000000000000 0.000000000000 0.000000000000 0.000000000000
0.535000000000 0.506984727886 0.085549482001 0.011546800090 0.005510521820 0.001226504313 0.000000000000 0.000000000000 0.000000000000 0.000000000000 0.000000000000
0.540000000000 0.511688269980 0.088375162902 0.012573579189 0.005987535021 0.001602568225 0.000000000000 0.000000000000 0.000000000000 0.000000000000 0.000000000000
0.545000000000 0.516391812074 0.091244565252 0.013643747465 0.006482990309 0.002029117317 0.000000000000 0.000000000000 0.000000000000 0.000000000000 0.000000000000
0.550000000000 0.521095354168 0.094157801510 0.014757339346 0.006996754850 0.002506281447 0.000000000000 0.000000000000 0.000000000000 0.000000000000 0.000000000000
0.555000000000 0.525798896262 0.097114997938 0.015914400865 0.007528699543 0.003034206409 0.000000000000 0.000000000000 0.000000000000 0.000000000000 0.000000000000
0.560000000000 0.530502438356 0.100116294796 0.017114989722 0.008078698921 0.003613054160 0.000000000000 0.000000000000 0.000000000000 0.000000000000 0.000000000000
0.565000000000 0.535205980450 0.103161846559 0.018359175362 0.008646631046 0.004243003075 0.000000000000 0.000000000000 0.000000000000 0.000000000000 0.000000000000
0.570000000000 0.539909522544 0.106251822161 0.019647039063 0.009232377427 0.004924248221 0.000000000000 0.000000000000 0.000000000000 0.000000000000 0.000000000000
0.575000000000 0.544613064638 0.109386405261 0.020978674052 0.009835822920 0.005657001668 0.000000000000 0.000000000000 0.000000000000 0.000000000000 0.000000000000
0.580000000000 0.549316606732 0.112565794537 0.022354185628 0.010456855649 0.006441492830 0.000000000000 0.000000000000 0.000000000000 0.000000000000 0.000000000000
0.585000000000 0.554020148826 0.115790204003 0.023773691306 0.011095366921 0.007277968830 0.000000000000 0.000000000000 0.000000000000 0.000000000000 0.000000000000
0.590000000000 0.558723690920 0.119059863361 0.025237320975 0.011751251148 0.008166694906 0.000000000000 0.000000000000 0.000000000000 0.000000000000 0.000000000000
0.595000000000 0.563427233014 0.122375018377 0.026745217081 0.012424405770 0.009107954841 0.000000000000 0.000000000000 0.000000000000 0.000000000000 0.000000000000
0.600000000000 0.568130775108 0.125735931288 0.028297534823 0.013114731184 0.010102051443 0.000000000000 0.000000000000 0.000000000000 0.000000000000 0.000000000000
0.605000000000 0.572834317202 0.129142881246 0.029894442368 0.013822130674 0.011149307048 0.000000000000 0.000000000000 0.000000000000 0.000000000000 0.000000000000
0.610000000000 0.577537859296 0.132596164790 0.031536121089 0.014546510343 0.012250064070 0.000000000000 0.000000000000 0.000000000000 0.000000000000 0.000000000000
0.615000000000 0.582241401390 0.136096096364 0.033222765822 0.015287779051 0.013404685596 0.000000000000 0.000000000000 0.000000000000 0.000000000000 0.000000000000
0.620000000000 0.586944943484 0.139643008860 0.034954585145 0.016045848350 0.014613556020 0.000000000000 0.000000000000 0.000000000000 0.000000000000 0.000000000000
0.625000000000 0.591648485578 0.143237254219 0.036731801681 0.016820632429 0.015877081724 0.000000000000 0.000000000000 0.000000000000 0.000000000000 0.000000000000
0.630000000000 0.596352027672 0.146879204057 0.038554652419 0.017612048053 0.017195691817 0.000000000000 0.000000000000 0.000000000000 0.000000000000 0.000000000000
0.635000000000 0.601055569766 0.150569250354 0.040423389072 0.018420014513 0.018569838917 0.000000000000 0.000000000000 0.000000000000 0.000000000000 0.000000000000
0.640000000000 0.605759111860 0.154307806183 0.042338278445 0.019244453571 0.020000000000 0.000000000000 0.000000000000 0.000000000000 0.000000000000 0.000000000000
0.645000000000 0.610462653954 0.158095306494 0.044299602842 0.020085289408 0.021486677301 0.000000000000 0.000000000000 0.000000000000 0.000000000000 0.000000000000
0.650000000000 0.615166196048 0.161932208954 0.046307660500 0.020942448582 0.023030399292 0.000000000000 0.000000000000 0.000000000000 0.000000000000 0.000000000000
0.655000000000 0.619869738142 0.165818994852 0.048362766050 0.021815859974 0.024631721715 0.000000000000 0.000000000000 0.000000000000 0.000000000000 0.000000000000
0.660000000000 0.624573280236 0.169756170065 0.050465251013 0.022705454751 0.026291228707 0.000000000000 0.000000000000 0.000000000000 0.000000000000 0.000000000000
0.665000000000 0.629276822331 0.173744266095 0.052615464331 0.023611166318 0.028009533995 0.000000000000 0.000000000000 0.000000000000 0.000000000000 0.000000000000
0.670000000000 0.633980364425 0.177783841185 0.054813772930 0.024532930281 0.029787282180 0.000000000000 0.000000000000 0.000000000000 0.000000000000 0.000000000000
0.675000000000 0.638683906519 0.181875481510 0.057060562327 0.025470684405 0.031625150120 0.000000000000 0.000000000000 0.000000000000 0.000000000000 0.000000000000
0.680000000000 0.643387448613 0.186019802466 0.059356237277 0.026424368581 0.033523848412 0.000000000000 0.000000000000 0.000000000000 0.000000000000 0.000000000000
0.685000000000 0.648090990707 0.190217450043 0.061701222458 0.027393924782 0.035484122984 0.000000000000 0.000000000000 0.000000000000 0.000000000000 0.000000000000
0.690000000000 0.652794532801 0.194469102315 0.064095963213 0.028379297040 0.037506756806 0.000000000000 0.000000000000 0.000000000000 0.000000000000 0.000000000000
0.695000000000 0.657498074895 0.198775471033 0.066540926332 0.029380431402 0.039592571737 0.000000000000 0.000000000000 0.000000000000 0.000000000000 0.000000000000
0.700000000000 0.662201616989 0.203137303340 0.069036600896 0.030397275906 0.041742430504 0.000000000000 0.000000000000 0.000000000000 0.000000000000 0.000000000000
0.705000000000 0.666905159083 0.207555383630 0.071583499172 0.031429780548 0.043957238847 0.000000000000 0.000000000000 0.000000000000 0.000000000000 0.000000000000
0.710000000000 0.671608701177 0.212030535537 0.074182157572 0.032477897253 0.046237947818 0.000000000000 0.000000000000 0.000000000000 0.000000000000 0.000000000000
0.715000000000 0.676312243271 0.216563624102 0.076833137683 0.033541579849 0.048585556279 0.000000000000 0.000000000000 0.000000000000 0.000000000000 0.000000000000
0.720000000000 0.681015785365 0.221155558096 0.079537027356 0.034620784040 0.051001113587 0.000000000000 0.000000000000 0.000000000000 0.000000000000 0.000000000000
0.725000000000 0.685719327459 0.225807292544 0.082294441889 0.035715467382 0.053485722513 0.000000000000 0.000000000000 0.000000000000 0.000000000000 0.000000000000
0.730000000000 0.690422869553 0.230519831461 0.085106025278 0.036825589257 0.056040542392 0.000000000000 0.000000000000 0.000000000000 0.000000000000 0.000000000000
0.735000000000 0.695126411647 0.235294230813 0.087972451567 0.037951110852 0.058666792548 0.000000000000 0.000000000000 0.000000000000 0.000000000000 0.000000000000
0.740000000000 0.699829953741 0.240131601736 0.090894426291 0.039091995138 0.061365756011 0.000000000000 0.000000000000 0.000000000000 0.000000000000 0.000000000000
0.745000000000 0.704533495835 0.245033114035 0.093872688024 0.040248206848 0.064138783556 0.000024574183 0.000000000000 0.000000000000 0.000000000000 0.000000000000
0.750000000000 0.709237037929 0.250000000000 0.096908010049 0.041419712460 0.066987298108 0.000102488963 0.000000000000 0.000000000000 0.000000000000 0.000000000000
0.755000000000 0.713940580023 0.255033558559 0.100001202139 0.042606480176 0.069912799539 0.000234536233 0.000000000000 0.000033558559 0.000000000000 0.000000000000
0.760000000000 0.718644122117 0.260135159822 0.103153112486 0.043808479906 0.072916869919 0.000421509402 0.000000000000 0.000135159822 0.000000000000 0.000000000000
0.765000000000 0.723347664211 0.265306250053 0.106364629772 0.045025683253 0.076001179247 0.000664239757 0.000000000000 0.000306250053 0.000000000000 0.000000000000
0.770000000000 0.728051206305 0.270548357117 0.109636685399 0.046258063495 0.079167491750 0.000963598546 0.000000000000 0.000548357117 0.000000000000 0.000000000000
0.775000000000 0.732754748399 0.275863096463 0.112970255906 0.047505595574 0.082417672788 0.001320499235 0.000000000000 0.000863096463 0.000000000000 0.000000000000
0.780000000000 0.737458290493 0.281252177707 0.116366365562 0.048768256078 0.085753696456 0.001735899941 0.000000000000 0.001252177707 0.000000000000 0.000000000000
0.785000000000 0.742161832587 0.286717411893 0.119826089190 0.050046023235 0.089177653967 0.002210806070 0.000000000000 0.001717411893 0.000000000000 0.000000000000
0.790000000000 0.746865374681 0.292260719511 0.123350555212 0.051338876896 0.092691762912 0.002746273163 0.000000000000 0.002260719511 0.000000000000 0.000000000000
0.795000000000 0.751568916775 0.297884139376 0.126940948955 0.052646798525 0.096298377511 0.003343409992 0.000000000000 0.002884139376 0.000000000000 0.000000000000
0.800000000000 0.756272458869 0.303589838486 0.130598516240 0.053969771192 0.100000000000 0.004003381916 0.000000000000 0.003589838486 0.000000000000 0.000000000000
0.805000000000 0.760976000963 0.309380122989 0.134324567288 0.055307779562 0.103799293287 0.004727414534 0.000000000000 0.004380122989 0.000000000000 0.000000000000
0.810000000000 0.765679543057 0.315257450413 0.138120480965 0.056660809888 0.107699095081 0.005516797657 0.000000000000 0.005257450413 0.000000000000 0.000000000000
0.815000000000 0.770383085151 0.321224443350 0.141987709422 0.058028850003 0.111702433693 0.006372889650 0.000000000000 0.006224443350 0.000000000000 0.000000000000
0.820000000000 0.775086627245 0.327283904808 0.145927783160 0.059411889314 0.115812545754 0.007297122162 0.000000000000 0.007283904808 0.000000000000 0.000000000000
0.825000000000 0.779790169339 0.333438835473 0.149942316567 0.060809918796 0.120032896161 0.008291005318 0.000000000000 0.008438835473 0.000000000000 0.000000000000
0.830000000000 0.784493711433 0.339692453208 0.154033013999 0.062222930988 0.124367200580 0.009356133395 0.000000000000 0.009692453208 0.000000000000 0.000000000000
0.835000000000 0.789197253527 0.346048215124 0.158201676452 0.063650919989 0.128819450941 0.010494191072 0.000000000000 0.011048215124 0.000000000000 0.000000000000
0.840000000000 0.793900795622 0.352509842672 0.162450208906 0.065093881454 0.133393944404 0.011706960293 0.000000000000 0.012509842672 0.000000000000 0.000000000000
0.845000000000 0.798604337716 0.359081350268 0.166780628426 0.066551812593 0.138095316416 0.012996327850 0.000000000000 0.014081350268 0.000000000000 0.000000000000
0.850000000000 0.803307879810 0.365767078079 0.171195073110 0.068024712169 0.142928578573 0.014364293752 0.000004274264 0.015767078079 0.000000000000 0.000000000000
0.855000000000 0.808011421904 0.372571729746 0.175695812010 0.069512580499 0.147899162171 0.015812980501 0.000025072066 0.017571729746 0.000000000000 0.000000000000
0.860000000000 0.812714963998 0.379500415974 0.180285256134 0.071015419450 0.153012968542 0.017344643390 0.000063156453 0.019500415974 0.000000000000 0.000000000000
0.865000000000 0.817418506092 0.386558705146 0.184965970708 0.072533232444 0.158276427503 0.018961681966 0.000118531376 0.021558705146 0.000000000000 0.000000000000
0.870000000000 0.822122048186 0.393752682416 0.189740688841 0.074066024458 0.163696565584 0.020666652820 0.000191202580 0.023752682416 0.000000000000 0.000000000000
0.875000000000 0.826825590280 0.401089019065 0.194612326837 0.075613802026 0.169281086117 0.022462283905 0.000281177613 0.026089019065 0.000000000000 0.000000000000
0.880000000000 0.831529132374 0.408575054411 0.199584001365 0.077176573246 0.175038463815 0.024351490597 0.000388465823 0.028575054411 0.000000000000 0.000000000000
0.885000000000 0.836232674468 0.416218893154 0.204659048795 0.078754347778 0.180978057181 0.026337393785 0.000513078366 0.031218893154 0.000000000000 0.000000000000
0.890000000000 0.840936216562 0.424029521903 0.209841047034 0.080347136856 0.187110243057 0.028423340294 0.000655028213 0.034029521903 0.000000000000 0.000000000000
0.895000000000 0.845639758656 0.432016949694 0.215133840273 0.081954953287 0.193446578881 0.030612926035 0.000814330153 0.037016949694 0.000000000000 0.000000000000
0.900000000000 0.850343300750 0.440192378865 0.220541567130 0.083577811465 0.200000000000 0.032910022331 0.000991000805 0.040192378865 0.000000000000 0.000000000000
0.905000000000 0.855046842844 0.448568414726 0.226068692784 0.085215727370 0.206785061772 0.035318805975 0.001185058625 0.043568414726 0.000000000000 0.000000000000
0.910000000000 0.859750384938 0.457159325372 0.231720045809 0.086868718586 0.213818239575 0.037843793685 0.001396523912 0.047159325372 0.000000000000 0.000000000000
0.915000000000 0.864453927032 0.465981367178 0.237500860590 0.088536804300 0.221118304652 0.040489881778 0.001625418826 0.050981367178 0.000000000000 0.000000000000
0.920000000000 0.869157469126 0.475053197511 0.243416826371 0.090220005323 0.228706800675 0.043262392055 0.001871767394 0.055053197511 0.000000000000 0.000000000000
0.925000000000 0.873861011220 0.484396405114 0.249474144276 0.091918344091 0.236608656179 0.046167125137 0.002135595525 0.059396405114 0.000000000000 0.000000000000
0.930000000000 0.878564553314 0.494036202060 0.255679593936 0.093631844684 0.244852983557 0.049210422788 0.002416931023 0.064036202060 0.000000000000 0.000000000000
0.935000000000 0.883268095408 0.504002341933 0.262040611784 0.095360532834 0.253474139288 0.052399241155 0.002715803602 0.069002341933 0.000000000000 0.000000000000
0.940000000000 0.887971637502 0.514330361988 0.268565383623 0.097104435943 0.262513158259 0.055741237352 0.003032244902 0.074330361988 0.000000000000 0.000000000000
0.945000000000 0.892675179596 0.525063301284 0.275262954784 0.098863583093 0.272019737696 0.059244872516 0.003366288505 0.080063301284 0.000000000000 0.000000000000
0.950000000000 0.897378721690 0.536254139118 0.282143362170 0.100638005068 0.282055052823 0.062919535307 0.003717969956 0.086254139118 0.000000000000 0.000000000000
0.955000000000 0.902082263784 0.547969361946 0.289217793721 0.102427734365 0.292695875584 0.066775691086 0.004087326779 0.092969361946 0.000012156868 0.000000000000
0.960000000000 0.906785805878 0.560294372515 0.296498782660 0.104232805211 0.304040820577 0.070825063609 0.004474398499 0.100294372515 0.000131936217 0.000000000000
0.965000000000 0.911489347972 0.573342059576 0.304000446241 0.106053253589 0.316220240505 0.075080858358 0.004879226662 0.108342059576 0.000386850635 0.000000000000
0.970000000000 0.916192890066 0.587267132973 0.311738782198 0.107889117250 0.329412778908 0.079558039843 0.005301854861 0.117267132973 0.000786696692 0.000000000000
0.975000000000 0.920896432160 0.602291827170 0.319732040920 0.109740435738 0.343875050040 0.084273679740 0.005742328757 0.127291827170 0.001342650424 0.000000000000
0.980000000000 0.925599974254 0.618756443470 0.328001198498 0.111607250411 0.360000000000 0.089247399385 0.006200696106 0.138756443470 0.002067557011 0.000000000000
0.985000000000 0.930303516348 0.637232483643 0.336570566259 0.113489604463 0.378447542189 0.094501939943 0.006677006784 0.152232483643 0.002976304038 0.000000000000
0.990000000000 0.935007058442 0.658831560302 0.345468588368 0.115387542949 0.400501256289 0.100063908492 0.007171312817 0.168831560302 0.004086309929 0.000000000000
0.995000000000 0.939710600536 0.686416041386 0.354728903790 0.117301112812 0.429466320102 0.105964771404 0.007683668410 0.191416041386 0.005418174258 0.000000000000
1.000000000000 0.944414142630 0.750000000000 0.364391788534 0.119230362908 0.500000000000 0.112242203435 0.008214129975 0.250000000000 0.006996560944 0.000000000000
